0	0	0	1	0	0	0	3.14159	1.5708	3.14159	
0	0	0	9.8	0.274156	0.109662	0.274156	
0.001	-0.0320782	-0.00118891	9.76899	0.274156	0.109662	0.274156	
0.002	-0.0641507	-0.00237752	9.73798	0.274156	0.109662	0.274156	
0.003	-0.0962172	-0.00356583	9.70696	0.274156	0.109662	0.274156	
0.004	-0.128277	-0.00475382	9.67593	0.274156	0.109662	0.274156	
0.005	-0.160331	-0.0059415	9.64491	0.274156	0.109662	0.274156	
0.006	-0.192377	-0.00712886	9.61387	0.274156	0.109662	0.274156	
0.007	-0.224417	-0.00831589	9.58284	0.274156	0.109662	0.274156	
0.008	-0.256448	-0.00950259	9.5518	0.274156	0.109662	0.274156	
0.009	-0.288472	-0.010689	9.52076	0.274156	0.109662	0.274156	
0.01	-0.320488	-0.011875	9.48971	0.274156	0.109662	0.274156	
0.011	-0.352495	-0.0130607	9.45866	0.274156	0.109662	0.274156	
0.012	-0.384494	-0.014246	9.42761	0.274156	0.109662	0.274156	
0.013	-0.416483	-0.0154309	9.39656	0.274156	0.109662	0.274156	
0.014	-0.448463	-0.0166155	9.36551	0.274155	0.109662	0.274155	
0.015	-0.480433	-0.0177998	9.33446	0.274155	0.109662	0.274155	
0.016	-0.512394	-0.0189836	9.3034	0.274155	0.109662	0.274155	
0.017	-0.544344	-0.0201671	9.27235	0.274155	0.109662	0.274155	
0.018	-0.576283	-0.0213502	9.24129	0.274155	0.109662	0.274155	
0.019	-0.608211	-0.0225329	9.21023	0.274155	0.109662	0.274155	
0.02	-0.640129	-0.0237152	9.17918	0.274155	0.109662	0.274155	
0.021	-0.672034	-0.0248971	9.14812	0.274155	0.109662	0.274155	
0.022	-0.703928	-0.0260787	9.11707	0.274155	0.109662	0.274155	
0.023	-0.73581	-0.0272597	9.08602	0.274155	0.109662	0.274155	
0.024	-0.767679	-0.0284404	9.05497	0.274155	0.109662	0.274155	
0.025	-0.799536	-0.0296207	9.02392	0.274155	0.109662	0.274155	
0.026	-0.831379	-0.0308005	8.99287	0.274155	0.109662	0.274155	
0.027	-0.86321	-0.0319799	8.96182	0.274155	0.109662	0.274155	
0.028	-0.895026	-0.0331589	8.93078	0.274155	0.109662	0.274155	
0.029	-0.926829	-0.0343374	8.89974	0.274155	0.109662	0.274155	
0.03	-0.958617	-0.0355155	8.86871	0.274155	0.109662	0.274155	
0.031	-0.990391	-0.0366931	8.83768	0.274155	0.109662	0.274155	
0.032	-1.02215	-0.0378703	8.80665	0.274155	0.109662	0.274155	
0.033	-1.05389	-0.039047	8.77562	0.274155	0.109662	0.274155	
0.034	-1.08562	-0.0402232	8.74461	0.274154	0.109662	0.274154	
0.035	-1.11733	-0.0413989	8.71359	0.274154	0.109662	0.274154	
0.036	-1.14903	-0.0425742	8.68258	0.274154	0.109662	0.274154	
0.037	-1.18071	-0.043749	8.65158	0.274154	0.109662	0.274154	
0.038	-1.21237	-0.0449233	8.62058	0.274154	0.109662	0.274154	
0.039	-1.24402	-0.0460971	8.58959	0.274154	0.109662	0.274154	
0.04	-1.27565	-0.0472704	8.55861	0.274154	0.109662	0.274154	
0.041	-1.30726	-0.0484432	8.52763	0.274154	0.109662	0.274154	
0.042	-1.33886	-0.0496155	8.49666	0.274154	0.109662	0.274154	
0.043	-1.37043	-0.0507873	8.4657	0.274154	0.109662	0.274154	
0.044	-1.40199	-0.0519585	8.43474	0.274154	0.109662	0.274154	
0.045	-1.43353	-0.0531292	8.40379	0.274154	0.109662	0.274154	
0.046	-1.46505	-0.0542994	8.37286	0.274153	0.109662	0.274153	
0.047	-1.49655	-0.055469	8.34193	0.274153	0.109662	0.274153	
0.048	-1.52803	-0.0566381	8.311	0.274153	0.109662	0.274153	
0.049	-1.55949	-0.0578067	8.28009	0.274153	0.109662	0.274153	
0.05	-1.59093	-0.0589747	8.24919	0.274153	0.109662	0.274153	
0.051	-1.62235	-0.0601421	8.2183	0.274153	0.109662	0.274153	
0.052	-1.65375	-0.061309	8.18742	0.274153	0.109662	0.274153	
0.053	-1.68513	-0.0624753	8.15654	0.274153	0.109662	0.274153	
0.054	-1.71648	-0.063641	8.12568	0.274153	0.109662	0.274153	
0.055	-1.74782	-0.0648061	8.09483	0.274153	0.109662	0.274153	
0.056	-1.77913	-0.0659707	8.06399	0.274152	0.109662	0.274152	
0.057	-1.81042	-0.0671346	8.03317	0.274152	0.109662	0.274152	
0.058	-1.84169	-0.068298	8.00235	0.274152	0.109662	0.274152	
0.059	-1.87293	-0.0694607	7.97155	0.274152	0.109662	0.274152	
0.06	-1.90415	-0.0706229	7.94076	0.274152	0.109662	0.274152	
0.061	-1.93535	-0.0717844	7.90999	0.274152	0.109662	0.274152	
0.062	-1.96653	-0.0729453	7.87922	0.274152	0.109662	0.274152	
0.063	-1.99768	-0.0741056	7.84847	0.274152	0.109662	0.274152	
0.064	-2.0288	-0.0752652	7.81774	0.274151	0.109662	0.274151	
0.065	-2.0599	-0.0764242	7.78702	0.274151	0.109662	0.274151	
0.066	-2.09098	-0.0775826	7.75631	0.274151	0.109662	0.274151	
0.067	-2.12203	-0.0787403	7.72562	0.274151	0.109662	0.274151	
0.068	-2.15306	-0.0798974	7.69494	0.274151	0.109662	0.274151	
0.069	-2.18405	-0.0810538	7.66428	0.274151	0.109662	0.274151	
0.07	-2.21503	-0.0822095	7.63363	0.274151	0.109662	0.274151	
0.071	-2.24598	-0.0833646	7.603	0.27415	0.109662	0.27415	
0.072	-2.2769	-0.084519	7.57239	0.27415	0.109662	0.27415	
0.073	-2.30779	-0.0856727	7.54179	0.27415	0.109662	0.27415	
0.074	-2.33865	-0.0868257	7.51121	0.27415	0.109662	0.27415	
0.075	-2.36949	-0.087978	7.48065	0.27415	0.109662	0.27415	
0.076	-2.4003	-0.0891296	7.45011	0.27415	0.109662	0.27415	
0.077	-2.43109	-0.0902806	7.41958	0.274149	0.109662	0.274149	
0.078	-2.46184	-0.0914308	7.38907	0.274149	0.109662	0.274149	
0.079	-2.49257	-0.0925803	7.35858	0.274149	0.109662	0.274149	
0.08	-2.52326	-0.093729	7.32811	0.274149	0.109662	0.274149	
0.081	-2.55393	-0.0948771	7.29766	0.274149	0.109662	0.274149	
0.082	-2.58457	-0.0960244	7.26723	0.274149	0.109662	0.274149	
0.083	-2.61517	-0.0971709	7.23682	0.274148	0.109662	0.274148	
0.084	-2.64575	-0.0983168	7.20642	0.274148	0.109662	0.274148	
0.085	-2.6763	-0.0994618	7.17605	0.274148	0.109662	0.274148	
0.086	-2.70681	-0.100606	7.1457	0.274148	0.109662	0.274148	
0.087	-2.7373	-0.10175	7.11537	0.274148	0.109662	0.274148	
0.088	-2.76775	-0.102892	7.08506	0.274148	0.109662	0.274148	
0.089	-2.79817	-0.104035	7.05477	0.274147	0.109662	0.274147	
0.09	-2.82856	-0.105176	7.02451	0.274147	0.109662	0.274147	
0.091	-2.85892	-0.106316	6.99426	0.274147	0.109662	0.274147	
0.092	-2.88925	-0.107456	6.96404	0.274147	0.109662	0.274147	
0.093	-2.91954	-0.108595	6.93384	0.274147	0.109662	0.274147	
0.094	-2.9498	-0.109733	6.90367	0.274146	0.109662	0.274146	
0.095	-2.98003	-0.11087	6.87352	0.274146	0.109662	0.274146	
0.096	-3.01022	-0.112006	6.84339	0.274146	0.109662	0.274146	
0.097	-3.04038	-0.113142	6.81328	0.274146	0.109662	0.274146	
0.098	-3.0705	-0.114277	6.78321	0.274146	0.109662	0.274146	
0.099	-3.10059	-0.115411	6.75315	0.274145	0.109662	0.274145	
0.1	-3.13065	-0.116544	6.72312	0.274145	0.109662	0.274145	
0.101	-3.16067	-0.117676	6.69312	0.274145	0.109662	0.274145	
0.102	-3.19066	-0.118808	6.66314	0.274145	0.109662	0.274145	
0.103	-3.22061	-0.119938	6.63318	0.274145	0.109662	0.274145	
0.104	-3.25052	-0.121068	6.60326	0.274144	0.109662	0.274144	
0.105	-3.2804	-0.122197	6.57336	0.274144	0.109662	0.274144	
0.106	-3.31024	-0.123325	6.54348	0.274144	0.109662	0.274144	
0.107	-3.34005	-0.124452	6.51364	0.274144	0.109662	0.274144	
0.108	-3.36981	-0.125578	6.48382	0.274144	0.109661	0.274144	
0.109	-3.39954	-0.126703	6.45403	0.274143	0.109661	0.274143	
0.11	-3.42924	-0.127828	6.42426	0.274143	0.109661	0.274143	
0.111	-3.45889	-0.128951	6.39453	0.274143	0.109661	0.274143	
0.112	-3.48851	-0.130074	6.36482	0.274143	0.109661	0.274143	
0.113	-3.51809	-0.131195	6.33514	0.274142	0.109661	0.274142	
0.114	-3.54763	-0.132316	6.30549	0.274142	0.109661	0.274142	
0.115	-3.57713	-0.133436	6.27587	0.274142	0.109661	0.274142	
0.116	-3.6066	-0.134555	6.24629	0.274142	0.109661	0.274142	
0.117	-3.63602	-0.135673	6.21673	0.274141	0.109661	0.274141	
0.118	-3.6654	-0.13679	6.1872	0.274141	0.109661	0.274141	
0.119	-3.69475	-0.137906	6.1577	0.274141	0.109661	0.274141	
0.12	-3.72405	-0.139021	6.12823	0.274141	0.109661	0.274141	
0.121	-3.75331	-0.140135	6.0988	0.27414	0.109661	0.27414	
0.122	-3.78254	-0.141248	6.06939	0.27414	0.109661	0.27414	
0.123	-3.81172	-0.14236	6.04002	0.27414	0.109661	0.27414	
0.124	-3.84086	-0.143471	6.01068	0.27414	0.109661	0.27414	
0.125	-3.86996	-0.144581	5.98137	0.274139	0.109661	0.274139	
0.126	-3.89901	-0.145691	5.9521	0.274139	0.109661	0.274139	
0.127	-3.92803	-0.146799	5.92285	0.274139	0.109661	0.274139	
0.128	-3.957	-0.147906	5.89365	0.274139	0.109661	0.274139	
0.129	-3.98593	-0.149012	5.86447	0.274138	0.109661	0.274138	
0.13	-4.01481	-0.150117	5.83533	0.274138	0.109661	0.274138	
0.131	-4.04366	-0.151221	5.80622	0.274138	0.109661	0.274138	
0.132	-4.07246	-0.152324	5.77715	0.274137	0.109661	0.274137	
0.133	-4.10121	-0.153426	5.74812	0.274137	0.109661	0.274137	
0.134	-4.12993	-0.154527	5.71911	0.274137	0.109661	0.274137	
0.135	-4.15859	-0.155627	5.69015	0.274137	0.109661	0.274137	
0.136	-4.18722	-0.156726	5.66122	0.274136	0.109661	0.274136	
0.137	-4.2158	-0.157824	5.63232	0.274136	0.109661	0.274136	
0.138	-4.24433	-0.15892	5.60346	0.274136	0.109661	0.274136	
0.139	-4.27282	-0.160016	5.57464	0.274136	0.109661	0.274136	
0.14	-4.30126	-0.16111	5.54586	0.274135	0.109661	0.274135	
0.141	-4.32966	-0.162204	5.51711	0.274135	0.109661	0.274135	
0.142	-4.35801	-0.163296	5.4884	0.274135	0.109661	0.274135	
0.143	-4.38632	-0.164387	5.45973	0.274134	0.109661	0.274134	
0.144	-4.41457	-0.165477	5.43109	0.274134	0.109661	0.274134	
0.145	-4.44278	-0.166566	5.4025	0.274134	0.109661	0.274134	
0.146	-4.47095	-0.167654	5.37394	0.274133	0.109661	0.274133	
0.147	-4.49907	-0.168741	5.34542	0.274133	0.109661	0.274133	
0.148	-4.52713	-0.169826	5.31695	0.274133	0.109661	0.274133	
0.149	-4.55516	-0.170911	5.28851	0.274133	0.109661	0.274133	
0.15	-4.58313	-0.171994	5.26011	0.274132	0.109661	0.274132	
0.151	-4.61105	-0.173076	5.23175	0.274132	0.109661	0.274132	
0.152	-4.63893	-0.174157	5.20343	0.274132	0.109661	0.274132	
0.153	-4.66676	-0.175237	5.17515	0.274131	0.109661	0.274131	
0.154	-4.69454	-0.176315	5.14692	0.274131	0.109661	0.274131	
0.155	-4.72226	-0.177393	5.11872	0.274131	0.109661	0.274131	
0.156	-4.74994	-0.178469	5.09057	0.27413	0.109661	0.27413	
0.157	-4.77757	-0.179544	5.06246	0.27413	0.109661	0.27413	
0.158	-4.80515	-0.180617	5.03439	0.27413	0.109661	0.27413	
0.159	-4.83268	-0.18169	5.00636	0.274129	0.109661	0.274129	
0.16	-4.86016	-0.182761	4.97837	0.274129	0.109661	0.274129	
0.161	-4.88758	-0.183831	4.95043	0.274129	0.109661	0.274129	
0.162	-4.91496	-0.1849	4.92253	0.274128	0.109661	0.274128	
0.163	-4.94228	-0.185968	4.89468	0.274128	0.10966	0.274128	
0.164	-4.96956	-0.187034	4.86687	0.274128	0.10966	0.274128	
0.165	-4.99678	-0.188099	4.8391	0.274127	0.10966	0.274127	
0.166	-5.02395	-0.189163	4.81138	0.274127	0.10966	0.274127	
0.167	-5.05106	-0.190225	4.7837	0.274127	0.10966	0.274127	
0.168	-5.07813	-0.191287	4.75607	0.274126	0.10966	0.274126	
0.169	-5.10514	-0.192347	4.72849	0.274126	0.10966	0.274126	
0.17	-5.13209	-0.193405	4.70094	0.274126	0.10966	0.274126	
0.171	-5.159	-0.194463	4.67345	0.274125	0.10966	0.274125	
0.172	-5.18585	-0.195519	4.646	0.274125	0.10966	0.274125	
0.173	-5.21265	-0.196573	4.6186	0.274124	0.10966	0.274124	
0.174	-5.23939	-0.197627	4.59124	0.274124	0.10966	0.274124	
0.175	-5.26608	-0.198679	4.56393	0.274124	0.10966	0.274124	
0.176	-5.29271	-0.199729	4.53667	0.274123	0.10966	0.274123	
0.177	-5.31929	-0.200779	4.50946	0.274123	0.10966	0.274123	
0.178	-5.34581	-0.201827	4.48229	0.274123	0.10966	0.274123	
0.179	-5.37228	-0.202873	4.45517	0.274122	0.10966	0.274122	
0.18	-5.39869	-0.203919	4.4281	0.274122	0.10966	0.274122	
0.181	-5.42505	-0.204963	4.40108	0.274121	0.10966	0.274121	
0.182	-5.45135	-0.206005	4.37411	0.274121	0.10966	0.274121	
0.183	-5.4776	-0.207046	4.34719	0.274121	0.10966	0.274121	
0.184	-5.50378	-0.208086	4.32032	0.27412	0.10966	0.27412	
0.185	-5.52992	-0.209124	4.29349	0.27412	0.10966	0.27412	
0.186	-5.55599	-0.210161	4.26672	0.27412	0.10966	0.27412	
0.187	-5.58201	-0.211197	4.24	0.274119	0.10966	0.274119	
0.188	-5.60797	-0.212231	4.21333	0.274119	0.10966	0.274119	
0.189	-5.63387	-0.213263	4.1867	0.274118	0.10966	0.274118	
0.19	-5.65971	-0.214294	4.16013	0.274118	0.10966	0.274118	
0.191	-5.6855	-0.215324	4.13362	0.274118	0.10966	0.274118	
0.192	-5.71123	-0.216352	4.10715	0.274117	0.10966	0.274117	
0.193	-5.73689	-0.217379	4.08074	0.274117	0.10966	0.274117	
0.194	-5.7625	-0.218404	4.05437	0.274116	0.10966	0.274116	
0.195	-5.78806	-0.219428	4.02806	0.274116	0.10966	0.274116	
0.196	-5.81355	-0.22045	4.00181	0.274116	0.10966	0.274116	
0.197	-5.83898	-0.221471	3.9756	0.274115	0.10966	0.274115	
0.198	-5.86435	-0.222491	3.94945	0.274115	0.10966	0.274115	
0.199	-5.88966	-0.223508	3.92336	0.274114	0.10966	0.274114	
0.2	-5.91492	-0.224525	3.89731	0.274114	0.10966	0.274114	
0.201	-5.94011	-0.225539	3.87133	0.274114	0.10966	0.274114	
0.202	-5.96524	-0.226553	3.84539	0.274113	0.10966	0.274113	
0.203	-5.99031	-0.227564	3.81951	0.274113	0.10966	0.274113	
0.204	-6.01532	-0.228574	3.79369	0.274112	0.109659	0.274112	
0.205	-6.04027	-0.229583	3.76792	0.274112	0.109659	0.274112	
0.206	-6.06515	-0.23059	3.74221	0.274111	0.109659	0.274111	
0.207	-6.08998	-0.231595	3.71655	0.274111	0.109659	0.274111	
0.208	-6.11474	-0.232599	3.69095	0.274111	0.109659	0.274111	
0.209	-6.13944	-0.233601	3.6654	0.27411	0.109659	0.27411	
0.21	-6.16408	-0.234602	3.63991	0.27411	0.109659	0.27411	
0.211	-6.18865	-0.235601	3.61448	0.274109	0.109659	0.274109	
0.212	-6.21317	-0.236598	3.58911	0.274109	0.109659	0.274109	
0.213	-6.23761	-0.237594	3.56379	0.274108	0.109659	0.274108	
0.214	-6.262	-0.238588	3.53853	0.274108	0.109659	0.274108	
0.215	-6.28632	-0.23958	3.51333	0.274107	0.109659	0.274107	
0.216	-6.31058	-0.240571	3.48819	0.274107	0.109659	0.274107	
0.217	-6.33478	-0.24156	3.4631	0.274107	0.109659	0.274107	
0.218	-6.35891	-0.242547	3.43808	0.274106	0.109659	0.274106	
0.219	-6.38297	-0.243533	3.41311	0.274106	0.109659	0.274106	
0.22	-6.40697	-0.244517	3.3882	0.274105	0.109659	0.274105	
0.221	-6.43091	-0.2455	3.36335	0.274105	0.109659	0.274105	
0.222	-6.45478	-0.24648	3.33857	0.274104	0.109659	0.274104	
0.223	-6.47859	-0.247459	3.31384	0.274104	0.109659	0.274104	
0.224	-6.50233	-0.248437	3.28917	0.274103	0.109659	0.274103	
0.225	-6.526	-0.249412	3.26456	0.274103	0.109659	0.274103	
0.226	-6.54961	-0.250386	3.24001	0.274102	0.109659	0.274102	
0.227	-6.57316	-0.251358	3.21553	0.274102	0.109659	0.274102	
0.228	-6.59663	-0.252328	3.1911	0.274101	0.109659	0.274101	
0.229	-6.62004	-0.253297	3.16674	0.274101	0.109659	0.274101	
0.23	-6.64339	-0.254263	3.14244	0.2741	0.109659	0.2741	
0.231	-6.66667	-0.255228	3.1182	0.2741	0.109659	0.2741	
0.232	-6.68987	-0.256191	3.09403	0.274099	0.109659	0.274099	
0.233	-6.71302	-0.257153	3.06991	0.274099	0.109659	0.274099	
0.234	-6.73609	-0.258112	3.04586	0.274099	0.109659	0.274099	
0.235	-6.7591	-0.25907	3.02187	0.274098	0.109659	0.274098	
0.236	-6.78204	-0.260026	2.99795	0.274098	0.109659	0.274098	
0.237	-6.80491	-0.26098	2.97409	0.274097	0.109659	0.274097	
0.238	-6.82771	-0.261932	2.95029	0.274097	0.109658	0.274097	
0.239	-6.85045	-0.262883	2.92656	0.274096	0.109658	0.274096	
0.24	-6.87311	-0.263831	2.90289	0.274096	0.109658	0.274096	
0.241	-6.89571	-0.264778	2.87928	0.274095	0.109658	0.274095	
0.242	-6.91824	-0.265723	2.85574	0.274095	0.109658	0.274095	
0.243	-6.9407	-0.266665	2.83227	0.274094	0.109658	0.274094	
0.244	-6.96309	-0.267606	2.80886	0.274094	0.109658	0.274094	
0.245	-6.9854	-0.268545	2.78552	0.274093	0.109658	0.274093	
0.246	-7.00765	-0.269483	2.76224	0.274093	0.109658	0.274093	
0.247	-7.02983	-0.270418	2.73903	0.274092	0.109658	0.274092	
0.248	-7.05194	-0.271351	2.71588	0.274091	0.109658	0.274091	
0.249	-7.07398	-0.272282	2.69281	0.274091	0.109658	0.274091	
0.25	-7.09595	-0.273212	2.66979	0.27409	0.109658	0.27409	
0.251	-7.11785	-0.274139	2.64685	0.27409	0.109658	0.27409	
0.252	-7.13967	-0.275065	2.62397	0.274089	0.109658	0.274089	
0.253	-7.16143	-0.275988	2.60116	0.274089	0.109658	0.274089	
0.254	-7.18311	-0.27691	2.57842	0.274088	0.109658	0.274088	
0.255	-7.20472	-0.277829	2.55575	0.274088	0.109658	0.274088	
0.256	-7.22626	-0.278747	2.53314	0.274087	0.109658	0.274087	
0.257	-7.24773	-0.279662	2.5106	0.274087	0.109658	0.274087	
0.258	-7.26912	-0.280576	2.48813	0.274086	0.109658	0.274086	
0.259	-7.29045	-0.281487	2.46573	0.274086	0.109658	0.274086	
0.26	-7.3117	-0.282396	2.4434	0.274085	0.109658	0.274085	
0.261	-7.33288	-0.283304	2.42114	0.274085	0.109658	0.274085	
0.262	-7.35398	-0.284209	2.39895	0.274084	0.109658	0.274084	
0.263	-7.37502	-0.285112	2.37683	0.274083	0.109658	0.274083	
0.264	-7.39597	-0.286013	2.35478	0.274083	0.109658	0.274083	
0.265	-7.41686	-0.286912	2.3328	0.274082	0.109658	0.274082	
0.266	-7.43767	-0.287809	2.31089	0.274082	0.109658	0.274082	
0.267	-7.45841	-0.288704	2.28905	0.274081	0.109658	0.274081	
0.268	-7.47907	-0.289597	2.26728	0.274081	0.109657	0.274081	
0.269	-7.49966	-0.290487	2.24558	0.27408	0.109657	0.27408	
0.27	-7.52018	-0.291375	2.22396	0.27408	0.109657	0.27408	
0.271	-7.54062	-0.292262	2.20241	0.274079	0.109657	0.274079	
0.272	-7.56099	-0.293146	2.18092	0.274078	0.109657	0.274078	
0.273	-7.58128	-0.294028	2.15952	0.274078	0.109657	0.274078	
0.274	-7.6015	-0.294907	2.13818	0.274077	0.109657	0.274077	
0.275	-7.62164	-0.295785	2.11691	0.274077	0.109657	0.274077	
0.276	-7.6417	-0.29666	2.09572	0.274076	0.109657	0.274076	
0.277	-7.66169	-0.297533	2.0746	0.274076	0.109657	0.274076	
0.278	-7.68161	-0.298404	2.05356	0.274075	0.109657	0.274075	
0.279	-7.70145	-0.299273	2.03259	0.274074	0.109657	0.274074	
0.28	-7.72121	-0.300139	2.01169	0.274074	0.109657	0.274074	
0.281	-7.7409	-0.301003	1.99087	0.274073	0.109657	0.274073	
0.282	-7.76051	-0.301865	1.97012	0.274073	0.109657	0.274073	
0.283	-7.78004	-0.302725	1.94944	0.274072	0.109657	0.274072	
0.284	-7.7995	-0.303582	1.92884	0.274071	0.109657	0.274071	
0.285	-7.81888	-0.304437	1.90832	0.274071	0.109657	0.274071	
0.286	-7.83818	-0.30529	1.88787	0.27407	0.109657	0.27407	
0.287	-7.85741	-0.30614	1.8675	0.27407	0.109657	0.27407	
0.288	-7.87656	-0.306988	1.8472	0.274069	0.109657	0.274069	
0.289	-7.89563	-0.307834	1.82697	0.274068	0.109657	0.274068	
0.29	-7.91462	-0.308678	1.80683	0.274068	0.109657	0.274068	
0.291	-7.93354	-0.309519	1.78676	0.274067	0.109657	0.274067	
0.292	-7.95237	-0.310357	1.76676	0.274067	0.109657	0.274067	
0.293	-7.97113	-0.311194	1.74684	0.274066	0.109657	0.274066	
0.294	-7.98981	-0.312028	1.727	0.274065	0.109656	0.274065	
0.295	-8.00842	-0.312859	1.70724	0.274065	0.109656	0.274065	
0.296	-8.02694	-0.313688	1.68755	0.274064	0.109656	0.274064	
0.297	-8.04539	-0.314515	1.66794	0.274064	0.109656	0.274064	
0.298	-8.06375	-0.315339	1.64841	0.274063	0.109656	0.274063	
0.299	-8.08204	-0.316161	1.62896	0.274062	0.109656	0.274062	
0.3	-8.10025	-0.316981	1.60958	0.274062	0.109656	0.274062	
0.301	-8.11838	-0.317798	1.59029	0.274061	0.109656	0.274061	
0.302	-8.13643	-0.318612	1.57107	0.27406	0.109656	0.27406	
0.303	-8.1544	-0.319424	1.55193	0.27406	0.109656	0.27406	
0.304	-8.17229	-0.320234	1.53287	0.274059	0.109656	0.274059	
0.305	-8.1901	-0.321041	1.51389	0.274059	0.109656	0.274059	
0.306	-8.20783	-0.321845	1.49499	0.274058	0.109656	0.274058	
0.307	-8.22547	-0.322647	1.47616	0.274057	0.109656	0.274057	
0.308	-8.24304	-0.323446	1.45742	0.274057	0.109656	0.274057	
0.309	-8.26053	-0.324243	1.43876	0.274056	0.109656	0.274056	
0.31	-8.27794	-0.325038	1.42018	0.274055	0.109656	0.274055	
0.311	-8.29527	-0.325829	1.40167	0.274055	0.109656	0.274055	
0.312	-8.31251	-0.326619	1.38325	0.274054	0.109656	0.274054	
0.313	-8.32968	-0.327405	1.36491	0.274053	0.109656	0.274053	
0.314	-8.34676	-0.328189	1.34665	0.274053	0.109656	0.274053	
0.315	-8.36376	-0.328971	1.32847	0.274052	0.109656	0.274052	
0.316	-8.38068	-0.329749	1.31038	0.274051	0.109656	0.274051	
0.317	-8.39752	-0.330525	1.29236	0.274051	0.109656	0.274051	
0.318	-8.41428	-0.331299	1.27443	0.27405	0.109656	0.27405	
0.319	-8.43095	-0.33207	1.25658	0.274049	0.109655	0.274049	
0.32	-8.44755	-0.332838	1.23881	0.274049	0.109655	0.274049	
0.321	-8.46406	-0.333603	1.22112	0.274048	0.109655	0.274048	
0.322	-8.48048	-0.334366	1.20351	0.274047	0.109655	0.274047	
0.323	-8.49683	-0.335126	1.18599	0.274047	0.109655	0.274047	
0.324	-8.51309	-0.335884	1.16855	0.274046	0.109655	0.274046	
0.325	-8.52927	-0.336638	1.1512	0.274045	0.109655	0.274045	
0.326	-8.54537	-0.33739	1.13393	0.274045	0.109655	0.274045	
0.327	-8.56139	-0.338139	1.11674	0.274044	0.109655	0.274044	
0.328	-8.57732	-0.338886	1.09963	0.274043	0.109655	0.274043	
0.329	-8.59317	-0.339629	1.08261	0.274043	0.109655	0.274043	
0.33	-8.60893	-0.34037	1.06567	0.274042	0.109655	0.274042	
0.331	-8.62461	-0.341108	1.04882	0.274041	0.109655	0.274041	
0.332	-8.64021	-0.341844	1.03205	0.274041	0.109655	0.274041	
0.333	-8.65572	-0.342576	1.01537	0.27404	0.109655	0.27404	
0.334	-8.67115	-0.343306	0.998767	0.274039	0.109655	0.274039	
0.335	-8.6865	-0.344033	0.982253	0.274039	0.109655	0.274039	
0.336	-8.70176	-0.344757	0.965824	0.274038	0.109655	0.274038	
0.337	-8.71694	-0.345478	0.94948	0.274037	0.109655	0.274037	
0.338	-8.73203	-0.346196	0.933222	0.274036	0.109655	0.274036	
0.339	-8.74704	-0.346911	0.91705	0.274036	0.109655	0.274036	
0.34	-8.76196	-0.347624	0.900963	0.274035	0.109655	0.274035	
0.341	-8.7768	-0.348333	0.884963	0.274034	0.109655	0.274034	
0.342	-8.79156	-0.34904	0.869048	0.274034	0.109654	0.274034	
0.343	-8.80623	-0.349743	0.85322	0.274033	0.109654	0.274033	
0.344	-8.82081	-0.350444	0.837479	0.274032	0.109654	0.274032	
0.345	-8.83531	-0.351142	0.821825	0.274031	0.109654	0.274031	
0.346	-8.84972	-0.351837	0.806257	0.274031	0.109654	0.274031	
0.347	-8.86405	-0.352528	0.790777	0.27403	0.109654	0.27403	
0.348	-8.87829	-0.353217	0.775383	0.274029	0.109654	0.274029	
0.349	-8.89245	-0.353903	0.760078	0.274029	0.109654	0.274029	
0.35	-8.90652	-0.354586	0.74486	0.274028	0.109654	0.274028	
0.351	-8.92051	-0.355266	0.729729	0.274027	0.109654	0.274027	
0.352	-8.93441	-0.355942	0.714687	0.274026	0.109654	0.274026	
0.353	-8.94822	-0.356616	0.699733	0.274026	0.109654	0.274026	
0.354	-8.96195	-0.357287	0.684867	0.274025	0.109654	0.274025	
0.355	-8.97559	-0.357954	0.670089	0.274024	0.109654	0.274024	
0.356	-8.98915	-0.358619	0.6554	0.274023	0.109654	0.274023	
0.357	-9.00261	-0.35928	0.6408	0.274023	0.109654	0.274023	
0.358	-9.016	-0.359938	0.626289	0.274022	0.109654	0.274022	
0.359	-9.02929	-0.360593	0.611867	0.274021	0.109654	0.274021	
0.36	-9.0425	-0.361245	0.597535	0.27402	0.109654	0.27402	
0.361	-9.05562	-0.361894	0.583291	0.27402	0.109654	0.27402	
0.362	-9.06866	-0.36254	0.569138	0.274019	0.109654	0.274019	
0.363	-9.0816	-0.363182	0.555074	0.274018	0.109653	0.274018	
0.364	-9.09446	-0.363822	0.5411	0.274017	0.109653	0.274017	
0.365	-9.10724	-0.364458	0.527216	0.274017	0.109653	0.274017	
0.366	-9.11992	-0.365091	0.513422	0.274016	0.109653	0.274016	
0.367	-9.13252	-0.36572	0.499719	0.274015	0.109653	0.274015	
0.368	-9.14503	-0.366347	0.486106	0.274014	0.109653	0.274014	
0.369	-9.15745	-0.36697	0.472584	0.274014	0.109653	0.274014	
0.37	-9.16979	-0.36759	0.459152	0.274013	0.109653	0.274013	
0.371	-9.18204	-0.368207	0.445812	0.274012	0.109653	0.274012	
0.372	-9.19419	-0.36882	0.432563	0.274011	0.109653	0.274011	
0.373	-9.20627	-0.36943	0.419405	0.27401	0.109653	0.27401	
0.374	-9.21825	-0.370037	0.406338	0.27401	0.109653	0.27401	
0.375	-9.23014	-0.37064	0.393364	0.274009	0.109653	0.274009	
0.376	-9.24195	-0.37124	0.38048	0.274008	0.109653	0.274008	
0.377	-9.25367	-0.371837	0.367689	0.274007	0.109653	0.274007	
0.378	-9.2653	-0.37243	0.35499	0.274007	0.109653	0.274007	
0.379	-9.27684	-0.37302	0.342383	0.274006	0.109653	0.274006	
0.38	-9.28829	-0.373607	0.329868	0.274005	0.109653	0.274005	
0.381	-9.29966	-0.37419	0.317446	0.274004	0.109653	0.274004	
0.382	-9.31093	-0.37477	0.305116	0.274003	0.109653	0.274003	
0.383	-9.32212	-0.375346	0.292879	0.274003	0.109652	0.274003	
0.384	-9.33322	-0.375919	0.280735	0.274002	0.109652	0.274002	
0.385	-9.34423	-0.376489	0.268684	0.274001	0.109652	0.274001	
0.386	-9.35515	-0.377055	0.256726	0.274	0.109652	0.274	
0.387	-9.36598	-0.377617	0.244862	0.273999	0.109652	0.273999	
0.388	-9.37672	-0.378176	0.233091	0.273999	0.109652	0.273999	
0.389	-9.38737	-0.378732	0.221413	0.273998	0.109652	0.273998	
0.39	-9.39793	-0.379284	0.209829	0.273997	0.109652	0.273997	
0.391	-9.40841	-0.379832	0.198339	0.273996	0.109652	0.273996	
0.392	-9.41879	-0.380377	0.186943	0.273995	0.109652	0.273995	
0.393	-9.42908	-0.380919	0.175641	0.273994	0.109652	0.273994	
0.394	-9.43929	-0.381456	0.164433	0.273994	0.109652	0.273994	
0.395	-9.4494	-0.381991	0.15332	0.273993	0.109652	0.273993	
0.396	-9.45943	-0.382521	0.142301	0.273992	0.109652	0.273992	
0.397	-9.46936	-0.383048	0.131377	0.273991	0.109652	0.273991	
0.398	-9.47921	-0.383572	0.120547	0.27399	0.109652	0.27399	
0.399	-9.48896	-0.384092	0.109813	0.27399	0.109652	0.27399	
0.4	-9.49863	-0.384608	0.099173	0.273989	0.109652	0.273989	
0.401	-9.5082	-0.38512	0.0886285	0.273988	0.109652	0.273988	
0.402	-9.51769	-0.385629	0.0781792	0.273987	0.109651	0.273987	
0.403	-9.52708	-0.386134	0.0678253	0.273986	0.109651	0.273986	
0.404	-9.53638	-0.386635	0.0575668	0.273985	0.109651	0.273985	
0.405	-9.5456	-0.387133	0.047404	0.273984	0.109651	0.273984	
0.406	-9.55472	-0.387627	0.0373369	0.273984	0.109651	0.273984	
0.407	-9.56375	-0.388117	0.0273657	0.273983	0.109651	0.273983	
0.408	-9.5727	-0.388603	0.0174904	0.273982	0.109651	0.273982	
0.409	-9.58155	-0.389086	0.00771123	0.273981	0.109651	0.273981	
0.41	-9.59031	-0.389565	-0.00197175	0.27398	0.109651	0.27398	
0.411	-9.59898	-0.39004	-0.0115584	0.273979	0.109651	0.273979	
0.412	-9.60756	-0.390511	-0.0210487	0.273978	0.109651	0.273978	
0.413	-9.61605	-0.390979	-0.0304424	0.273978	0.109651	0.273978	
0.414	-9.62445	-0.391442	-0.0397394	0.273977	0.109651	0.273977	
0.415	-9.63275	-0.391902	-0.0489397	0.273976	0.109651	0.273976	
0.416	-9.64097	-0.392358	-0.0580431	0.273975	0.109651	0.273975	
0.417	-9.64909	-0.39281	-0.0670495	0.273974	0.109651	0.273974	
0.418	-9.65713	-0.393258	-0.0759588	0.273973	0.109651	0.273973	
0.419	-9.66507	-0.393702	-0.0847709	0.273972	0.109651	0.273972	
0.42	-9.67292	-0.394142	-0.0934857	0.273972	0.10965	0.273972	
0.421	-9.68068	-0.394579	-0.102103	0.273971	0.10965	0.273971	
0.422	-9.68835	-0.395011	-0.110623	0.27397	0.10965	0.27397	
0.423	-9.69593	-0.39544	-0.119045	0.273969	0.10965	0.273969	
0.424	-9.70342	-0.395864	-0.12737	0.273968	0.10965	0.273968	
0.425	-9.71081	-0.396284	-0.135596	0.273967	0.10965	0.273967	
0.426	-9.71811	-0.396701	-0.143725	0.273966	0.10965	0.273966	
0.427	-9.72533	-0.397113	-0.151756	0.273965	0.10965	0.273965	
0.428	-9.73245	-0.397522	-0.159689	0.273964	0.10965	0.273964	
0.429	-9.73948	-0.397926	-0.167523	0.273964	0.10965	0.273964	
0.43	-9.74642	-0.398326	-0.175259	0.273963	0.10965	0.273963	
0.431	-9.75326	-0.398722	-0.182897	0.273962	0.10965	0.273962	
0.432	-9.76002	-0.399115	-0.190436	0.273961	0.10965	0.273961	
0.433	-9.76668	-0.399503	-0.197876	0.27396	0.10965	0.27396	
0.434	-9.77325	-0.399887	-0.205218	0.273959	0.10965	0.273959	
0.435	-9.77973	-0.400266	-0.212461	0.273958	0.10965	0.273958	
0.436	-9.78612	-0.400642	-0.219605	0.273957	0.10965	0.273957	
0.437	-9.79241	-0.401013	-0.226651	0.273956	0.10965	0.273956	
0.438	-9.79862	-0.401381	-0.233597	0.273955	0.109649	0.273955	
0.439	-9.80473	-0.401744	-0.240444	0.273955	0.109649	0.273955	
0.44	-9.81075	-0.402103	-0.247192	0.273954	0.109649	0.273954	
0.441	-9.81668	-0.402457	-0.25384	0.273953	0.109649	0.273953	
0.442	-9.82251	-0.402808	-0.260389	0.273952	0.109649	0.273952	
0.443	-9.82826	-0.403154	-0.266838	0.273951	0.109649	0.273951	
0.444	-9.83391	-0.403496	-0.273188	0.27395	0.109649	0.27395	
0.445	-9.83947	-0.403834	-0.279439	0.273949	0.109649	0.273949	
0.446	-9.84494	-0.404167	-0.285589	0.273948	0.109649	0.273948	
0.447	-9.85032	-0.404496	-0.29164	0.273947	0.109649	0.273947	
0.448	-9.8556	-0.404821	-0.297591	0.273946	0.109649	0.273946	
0.449	-9.86079	-0.405141	-0.303442	0.273945	0.109649	0.273945	
0.45	-9.86589	-0.405458	-0.309192	0.273944	0.109649	0.273944	
0.451	-9.8709	-0.405769	-0.314843	0.273943	0.109649	0.273943	
0.452	-9.87582	-0.406077	-0.320394	0.273942	0.109649	0.273942	
0.453	-9.88064	-0.40638	-0.325844	0.273941	0.109649	0.273941	
0.454	-9.88537	-0.406678	-0.331194	0.273941	0.109649	0.273941	
0.455	-9.89001	-0.406972	-0.336443	0.27394	0.109648	0.27394	
0.456	-9.89456	-0.407262	-0.341592	0.273939	0.109648	0.273939	
0.457	-9.89901	-0.407547	-0.34664	0.273938	0.109648	0.273938	
0.458	-9.90338	-0.407828	-0.351588	0.273937	0.109648	0.273937	
0.459	-9.90765	-0.408105	-0.356435	0.273936	0.109648	0.273936	
0.46	-9.91183	-0.408376	-0.361181	0.273935	0.109648	0.273935	
0.461	-9.91591	-0.408644	-0.365826	0.273934	0.109648	0.273934	
0.462	-9.91991	-0.408907	-0.370371	0.273933	0.109648	0.273933	
0.463	-9.92381	-0.409165	-0.374814	0.273932	0.109648	0.273932	
0.464	-9.92762	-0.409419	-0.379157	0.273931	0.109648	0.273931	
0.465	-9.93133	-0.409668	-0.383398	0.27393	0.109648	0.27393	
0.466	-9.93496	-0.409912	-0.387538	0.273929	0.109648	0.273929	
0.467	-9.93849	-0.410152	-0.391577	0.273928	0.109648	0.273928	
0.468	-9.94193	-0.410388	-0.395515	0.273927	0.109648	0.273927	
0.469	-9.94528	-0.410619	-0.399352	0.273926	0.109648	0.273926	
0.47	-9.94854	-0.410845	-0.403087	0.273925	0.109648	0.273925	
0.471	-9.9517	-0.411066	-0.40672	0.273924	0.109647	0.273924	
0.472	-9.95477	-0.411283	-0.410252	0.273923	0.109647	0.273923	
0.473	-9.95775	-0.411495	-0.413683	0.273922	0.109647	0.273922	
0.474	-9.96064	-0.411703	-0.417012	0.273921	0.109647	0.273921	
0.475	-9.96343	-0.411906	-0.420239	0.27392	0.109647	0.27392	
0.476	-9.96613	-0.412104	-0.423364	0.273919	0.109647	0.273919	
0.477	-9.96874	-0.412297	-0.426388	0.273918	0.109647	0.273918	
0.478	-9.97126	-0.412485	-0.42931	0.273917	0.109647	0.273917	
0.479	-9.97368	-0.412669	-0.43213	0.273916	0.109647	0.273916	
0.48	-9.97602	-0.412848	-0.434848	0.273915	0.109647	0.273915	
0.481	-9.97826	-0.413022	-0.437464	0.273914	0.109647	0.273914	
0.482	-9.98041	-0.413192	-0.439978	0.273913	0.109647	0.273913	
0.483	-9.98246	-0.413356	-0.442391	0.273912	0.109647	0.273912	
0.484	-9.98443	-0.413516	-0.444701	0.273911	0.109647	0.273911	
0.485	-9.9863	-0.413671	-0.446909	0.27391	0.109647	0.27391	
0.486	-9.98808	-0.413821	-0.449014	0.273909	0.109646	0.273909	
0.487	-9.98977	-0.413966	-0.451018	0.273908	0.109646	0.273908	
0.488	-9.99136	-0.414106	-0.452919	0.273907	0.109646	0.273907	
0.489	-9.99287	-0.414241	-0.454718	0.273906	0.109646	0.273906	
0.49	-9.99428	-0.414372	-0.456415	0.273905	0.109646	0.273905	
0.491	-9.9956	-0.414497	-0.458009	0.273904	0.109646	0.273904	
0.492	-9.99682	-0.414617	-0.459501	0.273903	0.109646	0.273903	
0.493	-9.99796	-0.414733	-0.460891	0.273902	0.109646	0.273902	
0.494	-9.999	-0.414843	-0.462178	0.273901	0.109646	0.273901	
0.495	-9.99995	-0.414949	-0.463362	0.2739	0.109646	0.2739	
0.496	-10.0008	-0.415049	-0.464444	0.273899	0.109646	0.273899	
0.497	-10.0016	-0.415144	-0.465424	0.273898	0.109646	0.273898	
0.498	-10.0023	-0.415235	-0.4663	0.273897	0.109646	0.273897	
0.499	-10.0028	-0.41532	-0.467075	0.273896	0.109646	0.273896	
0.5	-10.0033	-0.4154	-0.467746	0.273895	0.109646	0.273895	
0.501	-10.0037	-0.415475	-0.468315	0.273894	0.109646	0.273894	
0.502	-10.004	-0.415545	-0.468781	0.273893	0.109645	0.273893	
0.503	-10.0043	-0.41561	-0.469145	0.273892	0.109645	0.273892	
0.504	-10.0044	-0.415669	-0.469406	0.273891	0.109645	0.273891	
0.505	-10.0044	-0.415724	-0.469564	0.273889	0.109645	0.273889	
0.506	-10.0044	-0.415773	-0.469619	0.273888	0.109645	0.273888	
0.507	-10.0042	-0.415817	-0.469572	0.273887	0.109645	0.273887	
0.508	-10.004	-0.415856	-0.469421	0.273886	0.109645	0.273886	
0.509	-10.0036	-0.41589	-0.469168	0.273885	0.109645	0.273885	
0.51	-10.0032	-0.415918	-0.468812	0.273884	0.109645	0.273884	
0.511	-10.0027	-0.415942	-0.468353	0.273883	0.109645	0.273883	
0.512	-10.0021	-0.41596	-0.467791	0.273882	0.109645	0.273882	
0.513	-10.0014	-0.415972	-0.467127	0.273881	0.109645	0.273881	
0.514	-10.0006	-0.41598	-0.466359	0.27388	0.109645	0.27388	
0.515	-9.9997	-0.415982	-0.465489	0.273879	0.109645	0.273879	
0.516	-9.99873	-0.415978	-0.464515	0.273878	0.109644	0.273878	
0.517	-9.99767	-0.41597	-0.463439	0.273877	0.109644	0.273877	
0.518	-9.99651	-0.415956	-0.462259	0.273876	0.109644	0.273876	
0.519	-9.99526	-0.415936	-0.460977	0.273875	0.109644	0.273875	
0.52	-9.99392	-0.415912	-0.459592	0.273873	0.109644	0.273873	
0.521	-9.99249	-0.415882	-0.458104	0.273872	0.109644	0.273872	
0.522	-9.99097	-0.415846	-0.456513	0.273871	0.109644	0.273871	
0.523	-9.98936	-0.415805	-0.454819	0.27387	0.109644	0.27387	
0.524	-9.98766	-0.415758	-0.453021	0.273869	0.109644	0.273869	
0.525	-9.98587	-0.415707	-0.451121	0.273868	0.109644	0.273868	
0.526	-9.98398	-0.415649	-0.449118	0.273867	0.109644	0.273867	
0.527	-9.98201	-0.415586	-0.447012	0.273866	0.109644	0.273866	
0.528	-9.97994	-0.415518	-0.444803	0.273865	0.109644	0.273865	
0.529	-9.97779	-0.415444	-0.442491	0.273864	0.109644	0.273864	
0.53	-9.97554	-0.415364	-0.440077	0.273862	0.109644	0.273862	
0.531	-9.9732	-0.415279	-0.437559	0.273861	0.109643	0.273861	
0.532	-9.97077	-0.415189	-0.434938	0.27386	0.109643	0.27386	
0.533	-9.96825	-0.415092	-0.432214	0.273859	0.109643	0.273859	
0.534	-9.96565	-0.414991	-0.429387	0.273858	0.109643	0.273858	
0.535	-9.96295	-0.414883	-0.426458	0.273857	0.109643	0.273857	
0.536	-9.96016	-0.41477	-0.423425	0.273856	0.109643	0.273856	
0.537	-9.95728	-0.414651	-0.42029	0.273855	0.109643	0.273855	
0.538	-9.95431	-0.414527	-0.417051	0.273854	0.109643	0.273854	
0.539	-9.95125	-0.414397	-0.41371	0.273852	0.109643	0.273852	
0.54	-9.9481	-0.414261	-0.410266	0.273851	0.109643	0.273851	
0.541	-9.94486	-0.41412	-0.406719	0.27385	0.109643	0.27385	
0.542	-9.94153	-0.413972	-0.40307	0.273849	0.109643	0.273849	
0.543	-9.93811	-0.41382	-0.399317	0.273848	0.109643	0.273848	
0.544	-9.9346	-0.413661	-0.395462	0.273847	0.109643	0.273847	
0.545	-9.931	-0.413496	-0.391504	0.273846	0.109642	0.273846	
0.546	-9.92731	-0.413326	-0.387443	0.273845	0.109642	0.273845	
0.547	-9.92353	-0.41315	-0.383279	0.273843	0.109642	0.273843	
0.548	-9.91966	-0.412968	-0.379013	0.273842	0.109642	0.273842	
0.549	-9.91571	-0.41278	-0.374644	0.273841	0.109642	0.273841	
0.55	-9.91166	-0.412587	-0.370172	0.27384	0.109642	0.27384	
0.551	-9.90752	-0.412387	-0.365598	0.273839	0.109642	0.273839	
0.552	-9.9033	-0.412182	-0.360921	0.273838	0.109642	0.273838	
0.553	-9.89898	-0.411971	-0.356141	0.273837	0.109642	0.273837	
0.554	-9.89458	-0.411753	-0.351259	0.273835	0.109642	0.273835	
0.555	-9.89009	-0.41153	-0.346275	0.273834	0.109642	0.273834	
0.556	-9.88551	-0.411301	-0.341188	0.273833	0.109642	0.273833	
0.557	-9.88084	-0.411066	-0.335998	0.273832	0.109642	0.273832	
0.558	-9.87608	-0.410825	-0.330706	0.273831	0.109641	0.273831	
0.559	-9.87123	-0.410578	-0.325312	0.27383	0.109641	0.27383	
0.56	-9.86629	-0.410325	-0.319816	0.273828	0.109641	0.273828	
0.561	-9.86127	-0.410066	-0.314217	0.273827	0.109641	0.273827	
0.562	-9.85616	-0.409801	-0.308515	0.273826	0.109641	0.273826	
0.563	-9.85095	-0.40953	-0.302712	0.273825	0.109641	0.273825	
0.564	-9.84566	-0.409253	-0.296806	0.273824	0.109641	0.273824	
0.565	-9.84029	-0.40897	-0.290798	0.273823	0.109641	0.273823	
0.566	-9.83482	-0.408681	-0.284688	0.273821	0.109641	0.273821	
0.567	-9.82927	-0.408385	-0.278476	0.27382	0.109641	0.27382	
0.568	-9.82362	-0.408083	-0.272162	0.273819	0.109641	0.273819	
0.569	-9.81789	-0.407776	-0.265746	0.273818	0.109641	0.273818	
0.57	-9.81208	-0.407462	-0.259228	0.273817	0.109641	0.273817	
0.571	-9.80617	-0.407142	-0.252609	0.273815	0.10964	0.273815	
0.572	-9.80018	-0.406816	-0.245887	0.273814	0.10964	0.273814	
0.573	-9.7941	-0.406483	-0.239063	0.273813	0.10964	0.273813	
0.574	-9.78793	-0.406144	-0.232138	0.273812	0.10964	0.273812	
0.575	-9.78167	-0.405799	-0.225111	0.273811	0.10964	0.273811	
0.576	-9.77533	-0.405448	-0.217983	0.273809	0.10964	0.273809	
0.577	-9.7689	-0.405091	-0.210752	0.273808	0.10964	0.273808	
0.578	-9.76239	-0.404727	-0.203421	0.273807	0.10964	0.273807	
0.579	-9.75578	-0.404357	-0.195987	0.273806	0.10964	0.273806	
0.58	-9.74909	-0.403981	-0.188453	0.273805	0.10964	0.273805	
0.581	-9.74232	-0.403598	-0.180817	0.273803	0.10964	0.273803	
0.582	-9.73545	-0.403209	-0.17308	0.273802	0.10964	0.273802	
0.583	-9.7285	-0.402813	-0.165241	0.273801	0.10964	0.273801	
0.584	-9.72147	-0.402412	-0.157301	0.2738	0.109639	0.2738	
0.585	-9.71434	-0.402004	-0.14926	0.273799	0.109639	0.273799	
0.586	-9.70714	-0.401589	-0.141118	0.273797	0.109639	0.273797	
0.587	-9.69984	-0.401168	-0.132876	0.273796	0.109639	0.273796	
0.588	-9.69246	-0.400741	-0.124532	0.273795	0.109639	0.273795	
0.589	-9.68499	-0.400307	-0.116087	0.273794	0.109639	0.273794	
0.59	-9.67744	-0.399866	-0.107541	0.273792	0.109639	0.273792	
0.591	-9.6698	-0.399419	-0.0988951	0.273791	0.109639	0.273791	
0.592	-9.66208	-0.398966	-0.0901482	0.27379	0.109639	0.27379	
0.593	-9.65427	-0.398506	-0.0813006	0.273789	0.109639	0.273789	
0.594	-9.64637	-0.39804	-0.0723525	0.273787	0.109639	0.273787	
0.595	-9.63839	-0.397567	-0.063304	0.273786	0.109639	0.273786	
0.596	-9.63033	-0.397087	-0.0541551	0.273785	0.109639	0.273785	
0.597	-9.62218	-0.396601	-0.0449059	0.273784	0.109638	0.273784	
0.598	-9.61394	-0.396109	-0.0355564	0.273782	0.109638	0.273782	
0.599	-9.60562	-0.395609	-0.0261068	0.273781	0.109638	0.273781	
0.6	-9.59722	-0.395103	-0.016557	0.27378	0.109638	0.27378	
0.601	-9.58873	-0.394591	-0.00690732	0.273779	0.109638	0.273779	
0.602	-9.58016	-0.394072	0.00284232	0.273777	0.109638	0.273777	
0.603	-9.5715	-0.393546	0.0126918	0.273776	0.109638	0.273776	
0.604	-9.56275	-0.393013	0.0226411	0.273775	0.109638	0.273775	
0.605	-9.55393	-0.392474	0.03269	0.273774	0.109638	0.273774	
0.606	-9.54502	-0.391928	0.0428386	0.273772	0.109638	0.273772	
0.607	-9.53602	-0.391375	0.0530866	0.273771	0.109638	0.273771	
0.608	-9.52695	-0.390816	0.0634341	0.27377	0.109638	0.27377	
0.609	-9.51778	-0.39025	0.073881	0.273769	0.109637	0.273769	
0.61	-9.50854	-0.389677	0.0844271	0.273767	0.109637	0.273767	
0.611	-9.49921	-0.389097	0.0950724	0.273766	0.109637	0.273766	
0.612	-9.4898	-0.38851	0.105817	0.273765	0.109637	0.273765	
0.613	-9.4803	-0.387917	0.11666	0.273764	0.109637	0.273764	
0.614	-9.47072	-0.387317	0.127602	0.273762	0.109637	0.273762	
0.615	-9.46106	-0.386709	0.138643	0.273761	0.109637	0.273761	
0.616	-9.45132	-0.386096	0.149783	0.27376	0.109637	0.27376	
0.617	-9.44149	-0.385475	0.161022	0.273758	0.109637	0.273758	
0.618	-9.43158	-0.384847	0.172358	0.273757	0.109637	0.273757	
0.619	-9.42159	-0.384212	0.183794	0.273756	0.109637	0.273756	
0.62	-9.41152	-0.383571	0.195328	0.273754	0.109637	0.273754	
0.621	-9.40136	-0.382922	0.206959	0.273753	0.109637	0.273753	
0.622	-9.39113	-0.382267	0.218689	0.273752	0.109636	0.273752	
0.623	-9.38081	-0.381604	0.230518	0.273751	0.109636	0.273751	
0.624	-9.3704	-0.380935	0.242444	0.273749	0.109636	0.273749	
0.625	-9.35992	-0.380258	0.254467	0.273748	0.109636	0.273748	
0.626	-9.34936	-0.379575	0.266589	0.273747	0.109636	0.273747	
0.627	-9.33871	-0.378884	0.278808	0.273745	0.109636	0.273745	
0.628	-9.32798	-0.378187	0.291125	0.273744	0.109636	0.273744	
0.629	-9.31718	-0.377482	0.303539	0.273743	0.109636	0.273743	
0.63	-9.30629	-0.376771	0.316051	0.273741	0.109636	0.273741	
0.631	-9.29532	-0.376052	0.328659	0.27374	0.109636	0.27374	
0.632	-9.28427	-0.375326	0.341365	0.273739	0.109636	0.273739	
0.633	-9.27314	-0.374593	0.354168	0.273738	0.109636	0.273738	
0.634	-9.26192	-0.373853	0.367067	0.273736	0.109635	0.273736	
0.635	-9.25063	-0.373106	0.380064	0.273735	0.109635	0.273735	
0.636	-9.23926	-0.372351	0.393157	0.273734	0.109635	0.273734	
0.637	-9.22781	-0.37159	0.406346	0.273732	0.109635	0.273732	
0.638	-9.21628	-0.370821	0.419632	0.273731	0.109635	0.273731	
0.639	-9.20467	-0.370045	0.433014	0.27373	0.109635	0.27373	
0.64	-9.19298	-0.369262	0.446493	0.273728	0.109635	0.273728	
0.641	-9.18121	-0.368471	0.460067	0.273727	0.109635	0.273727	
0.642	-9.16936	-0.367673	0.473737	0.273726	0.109635	0.273726	
0.643	-9.15743	-0.366868	0.487504	0.273724	0.109635	0.273724	
0.644	-9.14542	-0.366056	0.501366	0.273723	0.109635	0.273723	
0.645	-9.13334	-0.365236	0.515323	0.273722	0.109634	0.273722	
0.646	-9.12117	-0.364409	0.529376	0.27372	0.109634	0.27372	
0.647	-9.10893	-0.363575	0.543524	0.273719	0.109634	0.273719	
0.648	-9.09661	-0.362734	0.557768	0.273717	0.109634	0.273717	
0.649	-9.08421	-0.361885	0.572106	0.273716	0.109634	0.273716	
0.65	-9.07173	-0.361028	0.58654	0.273715	0.109634	0.273715	
0.651	-9.05917	-0.360165	0.601068	0.273713	0.109634	0.273713	
0.652	-9.04654	-0.359294	0.615691	0.273712	0.109634	0.273712	
0.653	-9.03383	-0.358415	0.630409	0.273711	0.109634	0.273711	
0.654	-9.02104	-0.357529	0.645221	0.273709	0.109634	0.273709	
0.655	-9.00818	-0.356636	0.660127	0.273708	0.109634	0.273708	
0.656	-8.99523	-0.355735	0.675128	0.273707	0.109634	0.273707	
0.657	-8.98221	-0.354827	0.690222	0.273705	0.109633	0.273705	
0.658	-8.96912	-0.353911	0.705411	0.273704	0.109633	0.273704	
0.659	-8.95594	-0.352988	0.720693	0.273702	0.109633	0.273702	
0.66	-8.94269	-0.352057	0.736069	0.273701	0.109633	0.273701	
0.661	-8.92937	-0.351118	0.751538	0.2737	0.109633	0.2737	
0.662	-8.91597	-0.350173	0.7671	0.273698	0.109633	0.273698	
0.663	-8.90249	-0.349219	0.782756	0.273697	0.109633	0.273697	
0.664	-8.88893	-0.348258	0.798505	0.273696	0.109633	0.273696	
0.665	-8.87531	-0.34729	0.814347	0.273694	0.109633	0.273694	
0.666	-8.8616	-0.346313	0.830282	0.273693	0.109633	0.273693	
0.667	-8.84782	-0.34533	0.846309	0.273691	0.109633	0.273691	
0.668	-8.83396	-0.344338	0.862429	0.27369	0.109632	0.27369	
0.669	-8.82003	-0.343339	0.878641	0.273689	0.109632	0.273689	
0.67	-8.80603	-0.342332	0.894945	0.273687	0.109632	0.273687	
0.671	-8.79195	-0.341318	0.911342	0.273686	0.109632	0.273686	
0.672	-8.77779	-0.340296	0.92783	0.273684	0.109632	0.273684	
0.673	-8.76357	-0.339266	0.94441	0.273683	0.109632	0.273683	
0.674	-8.74926	-0.338228	0.961081	0.273682	0.109632	0.273682	
0.675	-8.73489	-0.337183	0.977845	0.27368	0.109632	0.27368	
0.676	-8.72043	-0.33613	0.994699	0.273679	0.109632	0.273679	
0.677	-8.70591	-0.335069	1.01164	0.273677	0.109632	0.273677	
0.678	-8.69131	-0.334001	1.02868	0.273676	0.109632	0.273676	
0.679	-8.67664	-0.332925	1.04581	0.273675	0.109631	0.273675	
0.68	-8.6619	-0.331841	1.06303	0.273673	0.109631	0.273673	
0.681	-8.64708	-0.330749	1.08034	0.273672	0.109631	0.273672	
0.682	-8.63219	-0.329649	1.09773	0.27367	0.109631	0.27367	
0.683	-8.61723	-0.328541	1.11522	0.273669	0.109631	0.273669	
0.684	-8.60219	-0.327426	1.1328	0.273667	0.109631	0.273667	
0.685	-8.58708	-0.326303	1.15047	0.273666	0.109631	0.273666	
0.686	-8.5719	-0.325172	1.16823	0.273665	0.109631	0.273665	
0.687	-8.55665	-0.324033	1.18608	0.273663	0.109631	0.273663	
0.688	-8.54133	-0.322886	1.20402	0.273662	0.109631	0.273662	
0.689	-8.52593	-0.321731	1.22204	0.27366	0.109631	0.27366	
0.69	-8.51047	-0.320568	1.24016	0.273659	0.10963	0.273659	
0.691	-8.49493	-0.319397	1.25836	0.273657	0.10963	0.273657	
0.692	-8.47932	-0.318219	1.27666	0.273656	0.10963	0.273656	
0.693	-8.46364	-0.317032	1.29504	0.273654	0.10963	0.273654	
0.694	-8.44789	-0.315837	1.31351	0.273653	0.10963	0.273653	
0.695	-8.43207	-0.314635	1.33207	0.273652	0.10963	0.273652	
0.696	-8.41618	-0.313424	1.35072	0.27365	0.10963	0.27365	
0.697	-8.40022	-0.312205	1.36945	0.273649	0.10963	0.273649	
0.698	-8.38419	-0.310978	1.38827	0.273647	0.10963	0.273647	
0.699	-8.36809	-0.309744	1.40718	0.273646	0.10963	0.273646	
0.7	-8.35192	-0.308501	1.42618	0.273644	0.10963	0.273644	
0.701	-8.33568	-0.30725	1.44527	0.273643	0.109629	0.273643	
0.702	-8.31937	-0.305991	1.46444	0.273641	0.109629	0.273641	
0.703	-8.303	-0.304724	1.4837	0.27364	0.109629	0.27364	
0.704	-8.28655	-0.303448	1.50304	0.273638	0.109629	0.273638	
0.705	-8.27003	-0.302165	1.52247	0.273637	0.109629	0.273637	
0.706	-8.25345	-0.300874	1.54199	0.273636	0.109629	0.273636	
0.707	-8.2368	-0.299574	1.5616	0.273634	0.109629	0.273634	
0.708	-8.22008	-0.298266	1.58129	0.273633	0.109629	0.273633	
0.709	-8.20329	-0.29695	1.60106	0.273631	0.109629	0.273631	
0.71	-8.18644	-0.295626	1.62092	0.27363	0.109629	0.27363	
0.711	-8.16952	-0.294293	1.64087	0.273628	0.109628	0.273628	
0.712	-8.15253	-0.292953	1.6609	0.273627	0.109628	0.273627	
0.713	-8.13547	-0.291604	1.68102	0.273625	0.109628	0.273625	
0.714	-8.11835	-0.290247	1.70122	0.273624	0.109628	0.273624	
0.715	-8.10116	-0.288881	1.72151	0.273622	0.109628	0.273622	
0.716	-8.0839	-0.287508	1.74188	0.273621	0.109628	0.273621	
0.717	-8.06658	-0.286126	1.76233	0.273619	0.109628	0.273619	
0.718	-8.04919	-0.284735	1.78287	0.273618	0.109628	0.273618	
0.719	-8.03173	-0.283337	1.80349	0.273616	0.109628	0.273616	
0.72	-8.01421	-0.28193	1.8242	0.273615	0.109628	0.273615	
0.721	-7.99662	-0.280515	1.84499	0.273613	0.109628	0.273613	
0.722	-7.97897	-0.279091	1.86586	0.273612	0.109627	0.273612	
0.723	-7.96126	-0.277659	1.88682	0.27361	0.109627	0.27361	
0.724	-7.94347	-0.276219	1.90786	0.273609	0.109627	0.273609	
0.725	-7.92563	-0.27477	1.92898	0.273607	0.109627	0.273607	
0.726	-7.90772	-0.273313	1.95019	0.273606	0.109627	0.273606	
0.727	-7.88974	-0.271848	1.97147	0.273604	0.109627	0.273604	
0.728	-7.8717	-0.270374	1.99284	0.273603	0.109627	0.273603	
0.729	-7.8536	-0.268891	2.01429	0.273601	0.109627	0.273601	
0.73	-7.83543	-0.267401	2.03583	0.2736	0.109627	0.2736	
0.731	-7.8172	-0.265901	2.05744	0.273598	0.109627	0.273598	
0.732	-7.79891	-0.264394	2.07913	0.273597	0.109626	0.273597	
0.733	-7.78055	-0.262878	2.10091	0.273595	0.109626	0.273595	
0.734	-7.76213	-0.261353	2.12277	0.273593	0.109626	0.273593	
0.735	-7.74365	-0.25982	2.14471	0.273592	0.109626	0.273592	
0.736	-7.72511	-0.258278	2.16672	0.27359	0.109626	0.27359	
0.737	-7.7065	-0.256728	2.18882	0.273589	0.109626	0.273589	
0.738	-7.68783	-0.255169	2.211	0.273587	0.109626	0.273587	
0.739	-7.6691	-0.253602	2.23326	0.273586	0.109626	0.273586	
0.74	-7.65031	-0.252026	2.2556	0.273584	0.109626	0.273584	
0.741	-7.63146	-0.250441	2.27802	0.273583	0.109626	0.273583	
0.742	-7.61254	-0.248848	2.30051	0.273581	0.109625	0.273581	
0.743	-7.59357	-0.247247	2.32309	0.27358	0.109625	0.27358	
0.744	-7.57453	-0.245636	2.34574	0.273578	0.109625	0.273578	
0.745	-7.55543	-0.244018	2.36848	0.273576	0.109625	0.273576	
0.746	-7.53628	-0.24239	2.39129	0.273575	0.109625	0.273575	
0.747	-7.51706	-0.240754	2.41418	0.273573	0.109625	0.273573	
0.748	-7.49778	-0.239109	2.43715	0.273572	0.109625	0.273572	
0.749	-7.47844	-0.237456	2.46019	0.27357	0.109625	0.27357	
0.75	-7.45905	-0.235794	2.48331	0.273569	0.109625	0.273569	
0.751	-7.43959	-0.234123	2.50651	0.273567	0.109625	0.273567	
0.752	-7.42008	-0.232443	2.52979	0.273566	0.109624	0.273566	
0.753	-7.4005	-0.230755	2.55315	0.273564	0.109624	0.273564	
0.754	-7.38087	-0.229058	2.57658	0.273562	0.109624	0.273562	
0.755	-7.36118	-0.227353	2.60008	0.273561	0.109624	0.273561	
0.756	-7.34143	-0.225638	2.62367	0.273559	0.109624	0.273559	
0.757	-7.32163	-0.223915	2.64732	0.273558	0.109624	0.273558	
0.758	-7.30176	-0.222183	2.67106	0.273556	0.109624	0.273556	
0.759	-7.28184	-0.220442	2.69487	0.273555	0.109624	0.273555	
0.76	-7.26186	-0.218693	2.71875	0.273553	0.109624	0.273553	
0.761	-7.24182	-0.216935	2.74272	0.273551	0.109624	0.273551	
0.762	-7.22173	-0.215167	2.76675	0.27355	0.109623	0.27355	
0.763	-7.20158	-0.213392	2.79086	0.273548	0.109623	0.273548	
0.764	-7.18137	-0.211607	2.81504	0.273547	0.109623	0.273547	
0.765	-7.16111	-0.209813	2.8393	0.273545	0.109623	0.273545	
0.766	-7.14079	-0.208011	2.86363	0.273543	0.109623	0.273543	
0.767	-7.12042	-0.2062	2.88804	0.273542	0.109623	0.273542	
0.768	-7.09999	-0.204379	2.91252	0.27354	0.109623	0.27354	
0.769	-7.0795	-0.20255	2.93707	0.273539	0.109623	0.273539	
0.77	-7.05896	-0.200713	2.9617	0.273537	0.109623	0.273537	
0.771	-7.03837	-0.198866	2.9864	0.273535	0.109623	0.273535	
0.772	-7.01772	-0.19701	3.01117	0.273534	0.109622	0.273534	
0.773	-6.99702	-0.195145	3.03601	0.273532	0.109622	0.273532	
0.774	-6.97626	-0.193272	3.06092	0.273531	0.109622	0.273531	
0.775	-6.95545	-0.191389	3.08591	0.273529	0.109622	0.273529	
0.776	-6.93458	-0.189498	3.11097	0.273527	0.109622	0.273527	
0.777	-6.91366	-0.187597	3.1361	0.273526	0.109622	0.273526	
0.778	-6.89269	-0.185688	3.1613	0.273524	0.109622	0.273524	
0.779	-6.87166	-0.18377	3.18657	0.273522	0.109622	0.273522	
0.78	-6.85059	-0.181842	3.21191	0.273521	0.109622	0.273521	
0.781	-6.82945	-0.179906	3.23732	0.273519	0.109622	0.273519	
0.782	-6.80827	-0.177961	3.2628	0.273518	0.109621	0.273518	
0.783	-6.78704	-0.176006	3.28835	0.273516	0.109621	0.273516	
0.784	-6.76575	-0.174043	3.31398	0.273514	0.109621	0.273514	
0.785	-6.74441	-0.17207	3.33967	0.273513	0.109621	0.273513	
0.786	-6.72302	-0.170089	3.36543	0.273511	0.109621	0.273511	
0.787	-6.70158	-0.168098	3.39126	0.273509	0.109621	0.273509	
0.788	-6.68009	-0.166099	3.41715	0.273508	0.109621	0.273508	
0.789	-6.65854	-0.16409	3.44312	0.273506	0.109621	0.273506	
0.79	-6.63695	-0.162072	3.46915	0.273504	0.109621	0.273504	
0.791	-6.61531	-0.160045	3.49525	0.273503	0.10962	0.273503	
0.792	-6.59361	-0.158009	3.52142	0.273501	0.10962	0.273501	
0.793	-6.57187	-0.155964	3.54766	0.273499	0.10962	0.273499	
0.794	-6.55008	-0.15391	3.57396	0.273498	0.10962	0.273498	
0.795	-6.52823	-0.151847	3.60033	0.273496	0.10962	0.273496	
0.796	-6.50634	-0.149775	3.62677	0.273495	0.10962	0.273495	
0.797	-6.4844	-0.147693	3.65327	0.273493	0.10962	0.273493	
0.798	-6.46241	-0.145602	3.67984	0.273491	0.10962	0.273491	
0.799	-6.44038	-0.143502	3.70648	0.27349	0.10962	0.27349	
0.8	-6.41829	-0.141393	3.73318	0.273488	0.10962	0.273488	
0.801	-6.39616	-0.139275	3.75994	0.273486	0.109619	0.273486	
0.802	-6.37398	-0.137148	3.78677	0.273485	0.109619	0.273485	
0.803	-6.35175	-0.135011	3.81367	0.273483	0.109619	0.273483	
0.804	-6.32947	-0.132865	3.84063	0.273481	0.109619	0.273481	
0.805	-6.30715	-0.13071	3.86765	0.273479	0.109619	0.273479	
0.806	-6.28478	-0.128546	3.89474	0.273478	0.109619	0.273478	
0.807	-6.26237	-0.126372	3.92189	0.273476	0.109619	0.273476	
0.808	-6.23991	-0.12419	3.94911	0.273474	0.109619	0.273474	
0.809	-6.2174	-0.121998	3.97639	0.273473	0.109619	0.273473	
0.81	-6.19485	-0.119796	4.00373	0.273471	0.109618	0.273471	
0.811	-6.17225	-0.117586	4.03113	0.273469	0.109618	0.273469	
0.812	-6.1496	-0.115366	4.0586	0.273468	0.109618	0.273468	
0.813	-6.12692	-0.113137	4.08613	0.273466	0.109618	0.273466	
0.814	-6.10418	-0.110899	4.11372	0.273464	0.109618	0.273464	
0.815	-6.0814	-0.108651	4.14137	0.273463	0.109618	0.273463	
0.816	-6.05858	-0.106394	4.16908	0.273461	0.109618	0.273461	
0.817	-6.03572	-0.104128	4.19686	0.273459	0.109618	0.273459	
0.818	-6.01281	-0.101853	4.22469	0.273457	0.109618	0.273457	
0.819	-5.98985	-0.0995677	4.25259	0.273456	0.109617	0.273456	
0.82	-5.96686	-0.0972735	4.28055	0.273454	0.109617	0.273454	
0.821	-5.94382	-0.09497	4.30856	0.273452	0.109617	0.273452	
0.822	-5.92073	-0.0926572	4.33664	0.273451	0.109617	0.273451	
0.823	-5.89761	-0.090335	4.36477	0.273449	0.109617	0.273449	
0.824	-5.87444	-0.0880034	4.39297	0.273447	0.109617	0.273447	
0.825	-5.85123	-0.0856625	4.42122	0.273445	0.109617	0.273445	
0.826	-5.82798	-0.0833122	4.44953	0.273444	0.109617	0.273444	
0.827	-5.80469	-0.0809525	4.4779	0.273442	0.109617	0.273442	
0.828	-5.78136	-0.0785834	4.50633	0.27344	0.109616	0.27344	
0.829	-5.75798	-0.076205	4.53482	0.273439	0.109616	0.273439	
0.83	-5.73457	-0.0738171	4.56336	0.273437	0.109616	0.273437	
0.831	-5.71111	-0.0714199	4.59196	0.273435	0.109616	0.273435	
0.832	-5.68761	-0.0690132	4.62062	0.273433	0.109616	0.273433	
0.833	-5.66408	-0.0665971	4.64933	0.273432	0.109616	0.273432	
0.834	-5.6405	-0.0641716	4.6781	0.27343	0.109616	0.27343	
0.835	-5.61688	-0.0617367	4.70693	0.273428	0.109616	0.273428	
0.836	-5.59323	-0.0592923	4.73581	0.273426	0.109616	0.273426	
0.837	-5.56953	-0.0568385	4.76475	0.273425	0.109615	0.273425	
0.838	-5.5458	-0.0543752	4.79374	0.273423	0.109615	0.273423	
0.839	-5.52203	-0.0519025	4.82279	0.273421	0.109615	0.273421	
0.84	-5.49822	-0.0494203	4.85189	0.273419	0.109615	0.273419	
0.841	-5.47437	-0.0469287	4.88105	0.273418	0.109615	0.273418	
0.842	-5.45049	-0.0444275	4.91026	0.273416	0.109615	0.273416	
0.843	-5.42656	-0.0419169	4.93953	0.273414	0.109615	0.273414	
0.844	-5.4026	-0.0393968	4.96885	0.273412	0.109615	0.273412	
0.845	-5.37861	-0.0368673	4.99822	0.273411	0.109615	0.273411	
0.846	-5.35457	-0.0343282	5.02765	0.273409	0.109614	0.273409	
0.847	-5.3305	-0.0317796	5.05712	0.273407	0.109614	0.273407	
0.848	-5.3064	-0.0292215	5.08665	0.273405	0.109614	0.273405	
0.849	-5.28225	-0.0266539	5.11624	0.273404	0.109614	0.273404	
0.85	-5.25807	-0.0240768	5.14587	0.273402	0.109614	0.273402	
0.851	-5.23386	-0.0214902	5.17555	0.2734	0.109614	0.2734	
0.852	-5.20961	-0.018894	5.20529	0.273398	0.109614	0.273398	
0.853	-5.18533	-0.0162883	5.23508	0.273396	0.109614	0.273396	
0.854	-5.16101	-0.0136731	5.26492	0.273395	0.109614	0.273395	
0.855	-5.13666	-0.0110483	5.29481	0.273393	0.109613	0.273393	
0.856	-5.11227	-0.00841394	5.32475	0.273391	0.109613	0.273391	
0.857	-5.08785	-0.00577005	5.35473	0.273389	0.109613	0.273389	
0.858	-5.06339	-0.0031166	5.38477	0.273388	0.109613	0.273388	
0.859	-5.0389	-0.000453594	5.41486	0.273386	0.109613	0.273386	
0.86	-5.01438	0.00221898	5.445	0.273384	0.109613	0.273384	
0.861	-4.98983	0.00490113	5.47518	0.273382	0.109613	0.273382	
0.862	-4.96524	0.00759286	5.50541	0.27338	0.109613	0.27338	
0.863	-4.94062	0.0102942	5.53569	0.273379	0.109613	0.273379	
0.864	-4.91597	0.0130051	5.56602	0.273377	0.109612	0.273377	
0.865	-4.89128	0.0157255	5.5964	0.273375	0.109612	0.273375	
0.866	-4.86657	0.0184556	5.62682	0.273373	0.109612	0.273373	
0.867	-4.84182	0.0211953	5.65729	0.273371	0.109612	0.273371	
0.868	-4.81705	0.0239446	5.68781	0.27337	0.109612	0.27337	
0.869	-4.79224	0.0267034	5.71837	0.273368	0.109612	0.273368	
0.87	-4.7674	0.0294719	5.74898	0.273366	0.109612	0.273366	
0.871	-4.74253	0.03225	5.77963	0.273364	0.109612	0.273364	
0.872	-4.71763	0.0350378	5.81033	0.273362	0.109611	0.273362	
0.873	-4.6927	0.0378351	5.84108	0.27336	0.109611	0.27336	
0.874	-4.66774	0.0406421	5.87187	0.273359	0.109611	0.273359	
0.875	-4.64275	0.0434587	5.9027	0.273357	0.109611	0.273357	
0.876	-4.61774	0.0462849	5.93358	0.273355	0.109611	0.273355	
0.877	-4.59269	0.0491208	5.9645	0.273353	0.109611	0.273353	
0.878	-4.56762	0.0519663	5.99546	0.273351	0.109611	0.273351	
0.879	-4.54251	0.0548214	6.02647	0.27335	0.109611	0.27335	
0.88	-4.51738	0.0576862	6.05752	0.273348	0.109611	0.273348	
0.881	-4.49222	0.0605606	6.08862	0.273346	0.10961	0.273346	
0.882	-4.46704	0.0634447	6.11975	0.273344	0.10961	0.273344	
0.883	-4.44183	0.0663385	6.15093	0.273342	0.10961	0.273342	
0.884	-4.41659	0.0692419	6.18215	0.27334	0.10961	0.27334	
0.885	-4.39132	0.0721549	6.21341	0.273338	0.10961	0.273338	
0.886	-4.36603	0.0750776	6.24471	0.273337	0.10961	0.273337	
0.887	-4.34071	0.07801	6.27605	0.273335	0.10961	0.273335	
0.888	-4.31536	0.0809521	6.30743	0.273333	0.10961	0.273333	
0.889	-4.28999	0.0839038	6.33886	0.273331	0.109609	0.273331	
0.89	-4.2646	0.0868652	6.37032	0.273329	0.109609	0.273329	
0.891	-4.23918	0.0898363	6.40182	0.273327	0.109609	0.273327	
0.892	-4.21373	0.092817	6.43336	0.273325	0.109609	0.273325	
0.893	-4.18826	0.0958074	6.46494	0.273324	0.109609	0.273324	
0.894	-4.16277	0.0988076	6.49656	0.273322	0.109609	0.273322	
0.895	-4.13725	0.101817	6.52822	0.27332	0.109609	0.27332	
0.896	-4.11171	0.104837	6.55991	0.273318	0.109609	0.273318	
0.897	-4.08614	0.107866	6.59164	0.273316	0.109609	0.273316	
0.898	-4.06055	0.110905	6.62341	0.273314	0.109608	0.273314	
0.899	-4.03494	0.113953	6.65522	0.273312	0.109608	0.273312	
0.9	-4.00931	0.117012	6.68706	0.273311	0.109608	0.273311	
0.901	-3.98365	0.12008	6.71894	0.273309	0.109608	0.273309	
0.902	-3.95797	0.123157	6.75085	0.273307	0.109608	0.273307	
0.903	-3.93227	0.126244	6.7828	0.273305	0.109608	0.273305	
0.904	-3.90655	0.129341	6.81479	0.273303	0.109608	0.273303	
0.905	-3.8808	0.132448	6.84681	0.273301	0.109608	0.273301	
0.906	-3.85504	0.135565	6.87887	0.273299	0.109607	0.273299	
0.907	-3.82925	0.138691	6.91096	0.273297	0.109607	0.273297	
0.908	-3.80345	0.141827	6.94308	0.273295	0.109607	0.273295	
0.909	-3.77762	0.144972	6.97524	0.273294	0.109607	0.273294	
0.91	-3.75178	0.148127	7.00743	0.273292	0.109607	0.273292	
0.911	-3.72591	0.151292	7.03966	0.27329	0.109607	0.27329	
0.912	-3.70002	0.154467	7.07191	0.273288	0.109607	0.273288	
0.913	-3.67412	0.157651	7.1042	0.273286	0.109607	0.273286	
0.914	-3.64819	0.160845	7.13653	0.273284	0.109606	0.273284	
0.915	-3.62225	0.164049	7.16888	0.273282	0.109606	0.273282	
0.916	-3.59629	0.167262	7.20126	0.27328	0.109606	0.27328	
0.917	-3.57031	0.170486	7.23368	0.273278	0.109606	0.273278	
0.918	-3.54432	0.173718	7.26613	0.273276	0.109606	0.273276	
0.919	-3.5183	0.176961	7.29861	0.273275	0.109606	0.273275	
0.92	-3.49227	0.180213	7.33111	0.273273	0.109606	0.273273	
0.921	-3.46622	0.183475	7.36365	0.273271	0.109606	0.273271	
0.922	-3.44015	0.186747	7.39622	0.273269	0.109605	0.273269	
0.923	-3.41407	0.190028	7.42882	0.273267	0.109605	0.273267	
0.924	-3.38797	0.19332	7.46144	0.273265	0.109605	0.273265	
0.925	-3.36186	0.19662	7.4941	0.273263	0.109605	0.273263	
0.926	-3.33573	0.199931	7.52678	0.273261	0.109605	0.273261	
0.927	-3.30958	0.203251	7.55949	0.273259	0.109605	0.273259	
0.928	-3.28342	0.206581	7.59223	0.273257	0.109605	0.273257	
0.929	-3.25725	0.209921	7.625	0.273255	0.109605	0.273255	
0.93	-3.23105	0.21327	7.65779	0.273253	0.109604	0.273253	
0.931	-3.20485	0.216629	7.69061	0.273251	0.109604	0.273251	
0.932	-3.17863	0.219998	7.72345	0.273249	0.109604	0.273249	
0.933	-3.1524	0.223376	7.75632	0.273247	0.109604	0.273247	
0.934	-3.12615	0.226764	7.78922	0.273246	0.109604	0.273246	
0.935	-3.09989	0.230162	7.82214	0.273244	0.109604	0.273244	
0.936	-3.07362	0.23357	7.85509	0.273242	0.109604	0.273242	
0.937	-3.04733	0.236987	7.88806	0.27324	0.109604	0.27324	
0.938	-3.02103	0.240414	7.92106	0.273238	0.109603	0.273238	
0.939	-2.99472	0.243851	7.95408	0.273236	0.109603	0.273236	
0.94	-2.9684	0.247297	7.98712	0.273234	0.109603	0.273234	
0.941	-2.94207	0.250753	8.02019	0.273232	0.109603	0.273232	
0.942	-2.91572	0.254219	8.05328	0.27323	0.109603	0.27323	
0.943	-2.88937	0.257694	8.0864	0.273228	0.109603	0.273228	
0.944	-2.863	0.261179	8.11953	0.273226	0.109603	0.273226	
0.945	-2.83662	0.264674	8.15269	0.273224	0.109603	0.273224	
0.946	-2.81023	0.268178	8.18587	0.273222	0.109602	0.273222	
0.947	-2.78383	0.271692	8.21907	0.27322	0.109602	0.27322	
0.948	-2.75742	0.275216	8.25229	0.273218	0.109602	0.273218	
0.949	-2.73101	0.278749	8.28553	0.273216	0.109602	0.273216	
0.95	-2.70458	0.282292	8.31879	0.273214	0.109602	0.273214	
0.951	-2.67814	0.285845	8.35208	0.273212	0.109602	0.273212	
0.952	-2.6517	0.289408	8.38538	0.27321	0.109602	0.27321	
0.953	-2.62524	0.29298	8.4187	0.273208	0.109602	0.273208	
0.954	-2.59878	0.296561	8.45204	0.273206	0.109601	0.273206	
0.955	-2.57231	0.300153	8.4854	0.273204	0.109601	0.273204	
0.956	-2.54583	0.303754	8.51878	0.273202	0.109601	0.273202	
0.957	-2.51935	0.307365	8.55218	0.2732	0.109601	0.2732	
0.958	-2.49286	0.310985	8.58559	0.273198	0.109601	0.273198	
0.959	-2.46636	0.314615	8.61902	0.273196	0.109601	0.273196	
0.96	-2.43985	0.318254	8.65247	0.273194	0.109601	0.273194	
0.961	-2.41334	0.321904	8.68593	0.273192	0.109601	0.273192	
0.962	-2.38682	0.325563	8.71941	0.27319	0.1096	0.27319	
0.963	-2.3603	0.329231	8.75291	0.273188	0.1096	0.273188	
0.964	-2.33377	0.332909	8.78642	0.273186	0.1096	0.273186	
0.965	-2.30724	0.336597	8.81995	0.273184	0.1096	0.273184	
0.966	-2.2807	0.340294	8.85349	0.273182	0.1096	0.273182	
0.967	-2.25415	0.344001	8.88705	0.27318	0.1096	0.27318	
0.968	-2.22761	0.347718	8.92062	0.273178	0.1096	0.273178	
0.969	-2.20105	0.351444	8.95421	0.273176	0.1096	0.273176	
0.97	-2.1745	0.35518	8.9878	0.273174	0.109599	0.273174	
0.971	-2.14794	0.358925	9.02142	0.273172	0.109599	0.273172	
0.972	-2.12137	0.36268	9.05504	0.27317	0.109599	0.27317	
0.973	-2.09481	0.366445	9.08868	0.273168	0.109599	0.273168	
0.974	-2.06824	0.370219	9.12233	0.273166	0.109599	0.273166	
0.975	-2.04167	0.374003	9.15599	0.273164	0.109599	0.273164	
0.976	-2.01509	0.377796	9.18967	0.273162	0.109599	0.273162	
0.977	-1.98852	0.381599	9.22335	0.27316	0.109599	0.27316	
0.978	-1.96194	0.385411	9.25705	0.273158	0.109598	0.273158	
0.979	-1.93536	0.389233	9.29075	0.273156	0.109598	0.273156	
0.98	-1.90878	0.393065	9.32447	0.273154	0.109598	0.273154	
0.981	-1.8822	0.396906	9.3582	0.273152	0.109598	0.273152	
0.982	-1.85561	0.400756	9.39193	0.27315	0.109598	0.27315	
0.983	-1.82903	0.404616	9.42568	0.273148	0.109598	0.273148	
0.984	-1.80245	0.408486	9.45943	0.273146	0.109598	0.273146	
0.985	-1.77587	0.412365	9.4932	0.273143	0.109597	0.273143	
0.986	-1.74928	0.416254	9.52697	0.273141	0.109597	0.273141	
0.987	-1.7227	0.420152	9.56075	0.273139	0.109597	0.273139	
0.988	-1.69612	0.42406	9.59453	0.273137	0.109597	0.273137	
0.989	-1.66954	0.427977	9.62833	0.273135	0.109597	0.273135	
0.99	-1.64296	0.431904	9.66213	0.273133	0.109597	0.273133	
0.991	-1.61639	0.43584	9.69593	0.273131	0.109597	0.273131	
0.992	-1.58981	0.439786	9.72975	0.273129	0.109597	0.273129	
0.993	-1.56324	0.443741	9.76356	0.273127	0.109596	0.273127	
0.994	-1.53667	0.447705	9.79739	0.273125	0.109596	0.273125	
0.995	-1.5101	0.45168	9.83122	0.273123	0.109596	0.273123	
0.996	-1.48354	0.455663	9.86505	0.273121	0.109596	0.273121	
0.997	-1.45698	0.459656	9.89889	0.273119	0.109596	0.273119	
0.998	-1.43042	0.463659	9.93273	0.273117	0.109596	0.273117	
0.999	-1.40387	0.46767	9.96658	0.273115	0.109596	0.273115	
1	-1.37732	0.471692	10.0004	0.273112	0.109595	0.273112	
