0.01	0.0314194	0.0157073	0.0314021	0.00274156	0.00109662	0.00274156	
0.02	0.031397	0.0157034	0.0313625	0.00274155	0.00109662	0.00274155	
0.03	0.0313438	0.0156956	0.0312919	0.00274155	0.00109662	0.00274155	
0.04	0.0312596	0.015684	0.0311902	0.00274154	0.00109662	0.00274154	
0.05	0.0311448	0.0156685	0.0310577	0.00274154	0.00109662	0.00274154	
0.06	0.0309994	0.0156491	0.0308944	0.00274153	0.00109662	0.00274153	
0.07	0.0308236	0.0156258	0.0307003	0.00274151	0.00109662	0.00274151	
0.08	0.0306176	0.0155987	0.0304758	0.0027415	0.00109662	0.0027415	
0.09	0.0303816	0.0155678	0.0302209	0.00274148	0.00109662	0.00274148	
0.1	0.0301159	0.015533	0.029936	0.00274146	0.00109662	0.00274146	
0.11	0.0298208	0.0154944	0.0296211	0.00274144	0.00109662	0.00274144	
0.12	0.0294967	0.0154519	0.0292767	0.00274142	0.00109661	0.00274142	
0.13	0.0291438	0.0154057	0.028903	0.00274139	0.00109661	0.00274139	
0.14	0.0287626	0.0153556	0.0285004	0.00274137	0.00109661	0.00274137	
0.15	0.0283534	0.0153017	0.0280692	0.00274134	0.00109661	0.00274134	
0.16	0.0279167	0.0152441	0.0276098	0.00274131	0.00109661	0.00274131	
0.17	0.027453	0.0151827	0.0271227	0.00274127	0.0010966	0.00274127	
0.18	0.0269627	0.0151176	0.0266083	0.00274124	0.0010966	0.00274124	
0.19	0.0264463	0.0150487	0.026067	0.0027412	0.0010966	0.0027412	
0.2	0.0259045	0.0149761	0.0254995	0.00274116	0.0010966	0.00274116	
0.21	0.0253377	0.0148998	0.0249061	0.00274112	0.00109659	0.00274112	
0.22	0.0247466	0.0148199	0.0242876	0.00274107	0.00109659	0.00274107	
0.23	0.0241317	0.0147363	0.0236443	0.00274103	0.00109659	0.00274103	
0.24	0.0234937	0.014649	0.022977	0.00274098	0.00109659	0.00274098	
0.25	0.0228333	0.0145581	0.0222863	0.00274093	0.00109658	0.00274093	
0.26	0.0221512	0.0144637	0.0215728	0.00274088	0.00109658	0.00274088	
0.27	0.0214479	0.0143656	0.0208373	0.00274082	0.00109658	0.00274082	
0.28	0.0207244	0.0142641	0.0200803	0.00274077	0.00109657	0.00274077	
0.29	0.0199812	0.0141589	0.0193027	0.00274071	0.00109657	0.00274071	
0.3	0.0192193	0.0140504	0.0185051	0.00274065	0.00109656	0.00274065	
0.31	0.0184392	0.0139383	0.0176883	0.00274059	0.00109656	0.00274059	
0.32	0.017642	0.0138228	0.0168532	0.00274052	0.00109656	0.00274052	
0.33	0.0168283	0.0137039	0.0160004	0.00274045	0.00109655	0.00274045	
0.34	0.0159989	0.0135816	0.0151308	0.00274039	0.00109655	0.00274039	
0.35	0.0151549	0.0134559	0.0142453	0.00274031	0.00109654	0.00274031	
0.36	0.0142969	0.0133269	0.0133447	0.00274024	0.00109654	0.00274024	
0.37	0.0134259	0.0131947	0.0124298	0.00274017	0.00109653	0.00274017	
0.38	0.0125428	0.0130591	0.0115015	0.00274009	0.00109653	0.00274009	
0.39	0.0116484	0.0129204	0.0105608	0.00274001	0.00109652	0.00274001	
0.4	0.0107437	0.0127784	0.00960842	0.00273993	0.00109652	0.00273993	
0.41	0.00982958	0.0126334	0.00864541	0.00273984	0.00109651	0.00273984	
0.42	0.00890697	0.0124851	0.00767266	0.00273976	0.00109651	0.00273976	
0.43	0.00797682	0.0123338	0.00669109	0.00273967	0.0010965	0.00273967	
0.44	0.00704005	0.0121795	0.00570166	0.00273958	0.0010965	0.00273958	
0.45	0.00609764	0.0120222	0.00470531	0.00273949	0.00109649	0.00273949	
0.46	0.00515051	0.0118618	0.003703	0.0027394	0.00109648	0.0027394	
0.47	0.00419964	0.0116986	0.00269571	0.0027393	0.00109648	0.0027393	
0.48	0.00324599	0.0115325	0.00168439	0.0027392	0.00109647	0.0027392	
0.49	0.00229053	0.0113635	0.000670027	0.0027391	0.00109647	0.0027391	
0.5	0.0013342	0.0111917	-0.000346403	0.002739	0.00109646	0.002739	
0.51	0.000377997	0.0110171	-0.00136392	0.00273889	0.00109645	0.00273889	
0.52	-0.000577131	0.0108399	-0.00238154	0.00273879	0.00109645	0.00273879	
0.53	-0.00153021	0.0106599	-0.00339829	0.00273868	0.00109644	0.00273868	
0.54	-0.00248029	0.0104773	-0.00441318	0.00273857	0.00109643	0.00273857	
0.55	-0.0034264	0.0102922	-0.00542522	0.00273846	0.00109642	0.00273846	
0.56	-0.00436759	0.0101044	-0.00643345	0.00273834	0.00109642	0.00273834	
0.57	-0.00530292	0.00991424	-0.00743689	0.00273822	0.00109641	0.00273822	
0.58	-0.00623143	0.00972159	-0.00843457	0.00273811	0.0010964	0.00273811	
0.59	-0.00715219	0.00952653	-0.00942551	0.00273798	0.00109639	0.00273798	
0.6	-0.00806428	0.00932913	-0.0104088	0.00273786	0.00109639	0.00273786	
0.61	-0.00896677	0.00912942	-0.0113834	0.00273774	0.00109638	0.00273774	
0.62	-0.00985876	0.00892745	-0.0123484	0.00273761	0.00109637	0.00273761	
0.63	-0.0107393	0.00872328	-0.013303	0.00273748	0.00109636	0.00273748	
0.64	-0.0116076	0.00851695	-0.0142461	0.00273735	0.00109635	0.00273735	
0.65	-0.0124628	0.00830852	-0.0151768	0.00273721	0.00109634	0.00273721	
0.66	-0.0133039	0.00809804	-0.0160943	0.00273708	0.00109634	0.00273708	
0.67	-0.0141301	0.00788556	-0.0169976	0.00273694	0.00109633	0.00273694	
0.68	-0.0149407	0.00767114	-0.0178859	0.0027368	0.00109632	0.0027368	
0.69	-0.0157347	0.00745481	-0.0187583	0.00273666	0.00109631	0.00273666	
0.7	-0.0165114	0.00723665	-0.0196141	0.00273652	0.0010963	0.00273652	
0.71	-0.01727	0.0070167	-0.0204522	0.00273637	0.00109629	0.00273637	
0.72	-0.0180098	0.00679501	-0.021272	0.00273622	0.00109628	0.00273622	
0.73	-0.0187299	0.00657165	-0.0220726	0.00273607	0.00109627	0.00273607	
0.74	-0.0194297	0.00634667	-0.0228533	0.00273592	0.00109626	0.00273592	
0.75	-0.0201085	0.00612011	-0.0236132	0.00273576	0.00109625	0.00273576	
0.76	-0.0207656	0.00589205	-0.0243518	0.00273561	0.00109624	0.00273561	
0.77	-0.0214003	0.00566253	-0.0250681	0.00273545	0.00109623	0.00273545	
0.78	-0.022012	0.00543161	-0.0257617	0.00273529	0.00109622	0.00273529	
0.79	-0.0226001	0.00519935	-0.0264317	0.00273513	0.00109621	0.00273513	
0.8	-0.023164	0.00496581	-0.0270775	0.00273496	0.0010962	0.00273496	
0.81	-0.023703	0.00473104	-0.0276985	0.00273479	0.00109619	0.00273479	
0.82	-0.0242168	0.0044951	-0.0282941	0.00273463	0.00109618	0.00273463	
0.83	-0.0247047	0.00425805	-0.0288638	0.00273445	0.00109617	0.00273445	
0.84	-0.0251663	0.00401995	-0.0294069	0.00273428	0.00109616	0.00273428	
0.85	-0.0256011	0.00378085	-0.0299229	0.00273411	0.00109615	0.00273411	
0.86	-0.0260086	0.00354082	-0.0304114	0.00273393	0.00109613	0.00273393	
0.87	-0.0263886	0.00329992	-0.0308718	0.00273375	0.00109612	0.00273375	
0.88	-0.0267404	0.0030582	-0.0313037	0.00273357	0.00109611	0.00273357	
0.89	-0.027064	0.00281573	-0.0317067	0.00273338	0.0010961	0.00273338	
0.9	-0.0273588	0.00257256	-0.0320805	0.0027332	0.00109609	0.0027332	
0.91	-0.0276246	0.00232876	-0.0324245	0.00273301	0.00109608	0.00273301	
0.92	-0.0278612	0.00208438	-0.0327386	0.00273282	0.00109606	0.00273282	
0.93	-0.0280683	0.00183949	-0.0330223	0.00273263	0.00109605	0.00273263	
0.94	-0.0282456	0.00159414	-0.0332755	0.00273244	0.00109604	0.00273244	
0.95	-0.0283931	0.0013484	-0.0334978	0.00273224	0.00109603	0.00273224	
0.96	-0.0285105	0.00110232	-0.0336891	0.00273204	0.00109601	0.00273204	
0.97	-0.0285978	0.000855974	-0.0338491	0.00273184	0.001096	0.00273184	
0.98	-0.0286549	0.000609415	-0.0339778	0.00273164	0.00109599	0.00273164	
0.99	-0.0286816	0.000362706	-0.0340749	0.00273143	0.00109597	0.00273143	
1	-0.028678	0.000115908	-0.0341405	0.00273123	0.00109596	0.00273123	
